49
5
0 0 ( 1 0.99534 ) ( 2 0.00408676 ) ( 3 0.000168835 ) ( 4 0.000404356 ) 0
0 1 ( 5 0.99534 ) ( 6 0.00408676 ) ( 7 0.000168835 ) ( 8 0.000404356 ) 0
0 2 ( 9 0.99534 ) ( 10 0.00408676 ) ( 11 0.000168835 ) ( 12 0.000404356 ) 0
0 3 ( 13 0.99534 ) ( 14 0.00408676 ) ( 15 0.000168835 ) ( 16 0.000404356 ) 0
16 4 ( 17 1 ) 43.17
17 0 ( 18 0.995743 ) ( 19 0.00408841 ) ( 20 0.000168903 ) 0
17 1 ( 21 0.995743 ) ( 22 0.00408841 ) ( 23 0.000168903 ) 0
17 2 ( 24 0.995743 ) ( 25 0.00408841 ) ( 26 0.000168903 ) 0
17 3 ( 27 0.995743 ) ( 28 0.00408841 ) ( 29 0.000168903 ) 0
29 4 ( 30 1 ) 43.17
30 0 ( 1 0.995743 ) ( 2 0.00408841 ) ( 3 0.000168903 ) 0
30 1 ( 5 0.995743 ) ( 6 0.00408841 ) ( 7 0.000168903 ) 0
30 2 ( 9 0.995743 ) ( 10 0.00408841 ) ( 11 0.000168903 ) 0
30 3 ( 13 0.995743 ) ( 14 0.00408841 ) ( 15 0.000168903 ) 0
28 4 ( 31 1 ) 43.17
31 0 ( 1 0.995743 ) ( 2 0.00408841 ) ( 3 0.000168903 ) 0
31 1 ( 5 0.995743 ) ( 6 0.00408841 ) ( 7 0.000168903 ) 0
31 2 ( 9 0.995743 ) ( 10 0.00408841 ) ( 11 0.000168903 ) 0
31 3 ( 13 0.995743 ) ( 14 0.00408841 ) ( 15 0.000168903 ) 0
27 4 ( 32 1 ) 43.17
32 0 ( 1 0.995743 ) ( 2 0.00408841 ) ( 3 0.000168903 ) 0
32 1 ( 5 0.995743 ) ( 6 0.00408841 ) ( 7 0.000168903 ) 0
32 2 ( 9 0.995743 ) ( 10 0.00408841 ) ( 11 0.000168903 ) 0
32 3 ( 13 0.995743 ) ( 14 0.00408841 ) ( 15 0.000168903 ) 0
26 4 ( 33 1 ) 43.17
33 0 ( 18 0.995508 ) ( 19 0.00408745 ) ( 34 0.000404424 ) 0
33 1 ( 21 0.995508 ) ( 22 0.00408745 ) ( 35 0.000404424 ) 0
33 2 ( 24 0.995508 ) ( 25 0.00408745 ) ( 36 0.000404424 ) 0
33 3 ( 27 0.995508 ) ( 28 0.00408745 ) ( 37 0.000404424 ) 0
37 4 ( 17 1 ) 43.17
36 4 ( 38 1 ) 43.17
38 0 ( 1 0.995508 ) ( 2 0.00408745 ) ( 4 0.000404424 ) 0
38 1 ( 5 0.995508 ) ( 6 0.00408745 ) ( 8 0.000404424 ) 0
38 2 ( 9 0.995508 ) ( 10 0.00408745 ) ( 12 0.000404424 ) 0
38 3 ( 13 0.995508 ) ( 14 0.00408745 ) ( 16 0.000404424 ) 0
35 4 ( 39 1 ) 43.17
39 0 ( 1 0.999424 ) ( 3 0.000169528 ) ( 4 0.000406015 ) 0
39 1 ( 5 0.999424 ) ( 7 0.000169528 ) ( 8 0.000406015 ) 0
39 2 ( 9 0.999424 ) ( 11 0.000169528 ) ( 12 0.000406015 ) 0
39 3 ( 13 0.999424 ) ( 15 0.000169528 ) ( 16 0.000406015 ) 0
34 4 ( 40 1 ) 43.17
40 0 ( 2 0.876996 ) ( 3 0.0362311 ) ( 4 0.0867726 ) 0
40 1 ( 6 0.876996 ) ( 7 0.0362311 ) ( 8 0.0867726 ) 0
40 2 ( 10 0.876996 ) ( 11 0.0362311 ) ( 12 0.0867726 ) 0
40 3 ( 14 0.876996 ) ( 15 0.0362311 ) ( 16 0.0867726 ) 0
25 4 ( 41 1 ) 43.17
41 0 ( 1 0.995508 ) ( 2 0.00408745 ) ( 4 0.000404424 ) 0
41 1 ( 5 0.995508 ) ( 6 0.00408745 ) ( 8 0.000404424 ) 0
41 2 ( 9 0.995508 ) ( 10 0.00408745 ) ( 12 0.000404424 ) 0
41 3 ( 13 0.995508 ) ( 14 0.00408745 ) ( 16 0.000404424 ) 0
24 4 ( 42 1 ) 43.17
42 0 ( 1 0.995508 ) ( 2 0.00408745 ) ( 4 0.000404424 ) 0
42 1 ( 5 0.995508 ) ( 6 0.00408745 ) ( 8 0.000404424 ) 0
42 2 ( 9 0.995508 ) ( 10 0.00408745 ) ( 12 0.000404424 ) 0
42 3 ( 13 0.995508 ) ( 14 0.00408745 ) ( 16 0.000404424 ) 0
23 4 ( 43 1 ) 43.17
43 0 ( 1 0.999424 ) ( 3 0.000169528 ) ( 4 0.000406015 ) 0
43 1 ( 5 0.999424 ) ( 7 0.000169528 ) ( 8 0.000406015 ) 0
43 2 ( 9 0.999424 ) ( 11 0.000169528 ) ( 12 0.000406015 ) 0
43 3 ( 13 0.999424 ) ( 15 0.000169528 ) ( 16 0.000406015 ) 0
22 4 ( 44 1 ) 43.17
44 0 ( 18 0.999424 ) ( 20 0.000169528 ) ( 34 0.000406015 ) 0
44 1 ( 21 0.999424 ) ( 23 0.000169528 ) ( 35 0.000406015 ) 0
44 2 ( 24 0.999424 ) ( 26 0.000169528 ) ( 36 0.000406015 ) 0
44 3 ( 27 0.999424 ) ( 29 0.000169528 ) ( 37 0.000406015 ) 0
21 4 ( 45 1 ) 43.17
45 0 ( 1 0.999424 ) ( 3 0.000169528 ) ( 4 0.000406015 ) 0
45 1 ( 5 0.999424 ) ( 7 0.000169528 ) ( 8 0.000406015 ) 0
45 2 ( 9 0.999424 ) ( 11 0.000169528 ) ( 12 0.000406015 ) 0
45 3 ( 13 0.999424 ) ( 15 0.000169528 ) ( 16 0.000406015 ) 0
20 4 ( 46 1 ) 43.17
46 0 ( 2 0.876996 ) ( 3 0.0362311 ) ( 4 0.0867726 ) 0
46 1 ( 6 0.876996 ) ( 7 0.0362311 ) ( 8 0.0867726 ) 0
46 2 ( 10 0.876996 ) ( 11 0.0362311 ) ( 12 0.0867726 ) 0
46 3 ( 14 0.876996 ) ( 15 0.0362311 ) ( 16 0.0867726 ) 0
19 4 ( 47 1 ) 43.17
47 0 ( 2 0.876996 ) ( 3 0.0362311 ) ( 4 0.0867726 ) 0
47 1 ( 6 0.876996 ) ( 7 0.0362311 ) ( 8 0.0867726 ) 0
47 2 ( 10 0.876996 ) ( 11 0.0362311 ) ( 12 0.0867726 ) 0
47 3 ( 14 0.876996 ) ( 15 0.0362311 ) ( 16 0.0867726 ) 0
18 4 ( 48 1 ) 43.17
48 0 ( 19 0.876996 ) ( 20 0.0362311 ) ( 34 0.0867726 ) 0
48 1 ( 22 0.876996 ) ( 23 0.0362311 ) ( 35 0.0867726 ) 0
48 2 ( 25 0.876996 ) ( 26 0.0362311 ) ( 36 0.0867726 ) 0
48 3 ( 28 0.876996 ) ( 29 0.0362311 ) ( 37 0.0867726 ) 0
15 4 ( 30 1 ) 31.67
14 4 ( 31 1 ) 30.94
13 4 ( 32 1 ) 16.02
12 4 ( 38 1 ) 23.29
11 4 ( 33 1 ) 43.17
10 4 ( 41 1 ) 30.94
9 4 ( 42 1 ) 16.02
8 4 ( 39 1 ) 23.29
7 4 ( 43 1 ) 31.67
6 4 ( 44 1 ) 43.17
5 4 ( 45 1 ) 16.02
4 4 ( 40 1 ) 23.29
3 4 ( 46 1 ) 31.67
2 4 ( 47 1 ) 30.94
1 4 ( 48 1 ) 43.17
